/* GdkPixbuf RGBA C-Source image dump 1-byte-run-length-encoded */
#ifdef __SUNPRO_C
#pragma align 4 (icon)
#endif
#ifdef __GNUC__
static const guint8 icon[] __attribute__ ((__aligned__ (4))) = 
#else
static const guint8 icon[] = 
#endif
{
  71, 100, 107,  80,   0,   0,  16, 217,   2,   1,   0,   2,   0,   0,   0, 192,
   0,   0,   0,  48,   0,   0,   0,  48, 131,   0,   0,   0,   0,   1, 192, 195,
 201,   0, 130,   0,   0,   0,   0,  18, 167, 171, 178,   2, 161, 164, 170,  10,
 153, 155, 161,  17, 146, 148, 153,  37, 138, 140, 145,  61, 131, 132, 136,  81,
 123, 124, 128,  97, 115, 116, 119, 114, 110, 111, 114, 127, 109, 110, 113, 131,
 108, 109, 112, 135, 107, 108, 111, 134, 105, 106, 109, 118, 104, 105, 108,  97,
 102, 103, 106,  72, 101, 102, 105,  36,  99, 100, 103,  20,  98,  99, 102,   3,
 130,   0,   0,   0,   0,   1,  96,  97, 100,   0, 150,   0,   0,   0,   0,   1,
 215, 216, 221,   0, 130,   0,   0,   0,   0,  22, 189, 192, 198,  15, 177, 180,
 187,  43, 169, 171, 179,  62, 161, 164, 170,  75, 153, 155, 161,  87, 146, 148,
 153,  95, 138, 139, 144, 102, 131, 132, 136, 109, 122, 124, 128, 116, 115, 116,
 119, 122, 110, 111, 114, 131, 109, 110, 113, 140, 108, 109, 112, 149, 107, 108,
 111, 159, 105, 106, 109, 167, 104, 105, 108, 177, 102, 103, 106, 187, 101, 102,
 105, 193,  99, 100, 103, 186,  98,  99, 102, 179,  96,  97, 100, 116,  96,  97,
 100,  12, 150,   0,   0,   0,   0,  31, 225, 226, 226,   0, 231, 232, 234,   1,
 217, 218, 223,  11, 205, 207, 212,  39, 189, 193, 200,  55, 176, 179, 187,  65,
 168, 171, 178,  72, 161, 163, 170,  79, 153, 155, 161,  86, 146, 148, 153,  93,
 138, 139, 144, 101, 130, 132, 136, 108, 122, 123, 127, 116, 115, 116, 119, 123,
 110, 111, 114, 131, 109, 110, 113, 140, 107, 108, 111, 149, 107, 108, 111, 158,
 105, 106, 109, 167, 104, 105, 108, 176, 102, 103, 106, 184, 101, 102, 105, 193,
  99, 100, 103, 202,  98,  99, 102, 211,  96,  97, 100, 225,  95,  96,  99, 244,
  94,  95,  98, 175,  93,  94,  97,  54,  91,  92,  95,   8,   0,   0,   0,   0,
  90,  91,  93,   0, 145,   0,   0,   0,   0,  30, 231, 232, 234,   1, 233, 234,
 237,  15, 220, 221, 225,  28, 205, 207, 213,  41, 188, 191, 199,  54, 176, 179,
 187,  64, 168, 171, 178,  72, 161, 163, 170,  79, 153, 155, 161,  87, 145, 147,
 153,  94, 137, 139, 144, 102, 130, 131, 135, 108, 122, 123, 127, 116, 115, 116,
 119, 123, 110, 111, 114, 131, 109, 110, 113, 140, 107, 108, 111, 149, 106, 107,
 110, 158, 105, 106, 109, 167, 104, 105, 108, 176, 102, 103, 106, 185, 101, 102,
 105, 194,  99, 100, 103, 203,  98,  99, 102, 212,  96,  97, 100, 221,  95,  96,
  99, 229,  93,  94,  97, 241,  93,  94,  97, 247,  91,  92,  95, 213,  90,  91,
  93,  88, 146,   0,   0,   0,   0,  32, 238, 238, 241,   3, 234, 235, 238,  15,
 220, 221, 224,  28, 205, 207, 212,  41, 188, 191, 199,  54, 176, 179, 186,  64,
 168, 170, 178,  72, 160, 163, 169,  79, 152, 155, 161,  87, 145, 147, 153,  94,
 137, 139, 144, 102, 130, 131, 135, 108, 122, 123, 127, 116, 113, 115, 118, 123,
 110, 111, 114, 132, 109, 110, 113, 140, 107, 108, 111, 149, 106, 107, 110, 158,
 105, 106, 109, 167, 104, 105, 108, 176, 102, 103, 106, 185, 101, 102, 105, 194,
  99, 100, 103, 203,  98,  99, 102, 212,  96,  97, 100, 221,  95,  96,  99, 230,
  93,  94,  97, 239,  92,  93,  96, 248,  91,  92,  95, 255,  90,  91,  93, 255,
  87,  88,  91, 188,  86,  87,  90,  35, 144,   0,   0,   0,   0,  35, 238, 238,
 240,   3, 234, 235, 238,  15, 219, 220, 224,  29, 204, 206, 212,  41, 188, 190,
 198,  54, 175, 178, 186,  65, 167, 170, 177,  72, 160, 163, 169,  79, 152, 154,
 161,  87, 145, 147, 152,  94, 137, 138, 143, 102, 129, 131, 135, 109, 121, 123,
 126, 116, 114, 115, 118, 123, 110, 111, 114, 132, 109, 110, 113, 141, 107, 108,
 111, 150, 106, 107, 110, 159, 105, 106, 109, 168, 104, 105, 108, 176, 102, 103,
 106, 185, 101, 102, 105, 194,  99, 100, 103, 203,  98,  99, 102, 212,  96,  97,
 100, 221,  95,  96,  99, 230,  93,  94,  97, 239,  92,  93,  96, 248,  90,  91,
  94, 255,  89,  90,  93, 254,  87,  88,  91, 255,  86,  87,  90, 242,  84,  85,
  88, 135,   0,   0,   0,   0,  83,  84,  87,   0, 141,   0,   0,   0,   0,  37,
 238, 238, 240,   3, 234, 234, 237,  17, 218, 220, 223,  30, 204, 206, 211,  42,
 188, 190, 198,  55, 175, 178, 186,  65, 167, 170, 177,  73, 160, 162, 169,  80,
 152, 154, 160,  88, 145, 147, 152,  94, 137, 138, 143, 102, 129, 131, 135, 109,
 121, 123, 126, 117, 114, 115, 118, 124, 110, 111, 114, 132, 109, 110, 113, 141,
 107, 108, 111, 150, 106, 107, 110, 159, 104, 105, 108, 168, 104, 105, 108, 177,
 102, 103, 106, 186, 101, 102, 105, 195,  99, 100, 103, 203,  98,  99, 102, 212,
  96,  97, 100, 221,  95,  96,  99, 230,  93,  94,  97, 239,  92,  93,  96, 249,
  90,  91,  94, 255,  89,  90,  93, 255,  87,  88,  91, 255,  86,  87,  90, 254,
  84,  85,  88, 255,  83,  84,  87, 160,  81,  82,  85,  12,   0,   0,   0,   0,
  81,  82,  84,   0, 139,   0,   0,   0,   0,  38, 235, 236, 238,   4, 233, 234,
 237,  16, 218, 220, 224,  30, 203, 205, 211,  42, 187, 189, 197,  55, 175, 178,
 185,  65, 167, 170, 177,  73, 160, 162, 169,  80, 152, 154, 160,  88, 144, 146,
 152,  94, 136, 138, 143, 102, 129, 130, 135, 109, 121, 122, 126, 117, 114, 115,
 118, 124, 110, 111, 114, 132, 109, 110, 113, 141, 107, 108, 111, 150, 106, 107,
 110, 159, 104, 105, 108, 168, 104, 105, 108, 177, 102, 103, 106, 186, 101, 102,
 105, 195,  99, 100, 103, 204,  98,  99, 102, 213,  96,  97, 100, 222,  95,  96,
  99, 231,  93,  94,  97, 239,  92,  93,  96, 249,  90,  91,  94, 255,  89,  90,
  93, 255,  87,  88,  91, 255,  86,  87,  90, 255,  84,  85,  88, 254,  83,  84,
  87, 255,  81,  82,  85, 217,  81,  82,  84,  20,   0,   0,   0,   0,  80,  81,
  83,   0, 138,   0,   0,   0,   0,  39, 235, 235, 238,   4, 233, 234, 236,  17,
 217, 219, 223,  30, 202, 205, 210,  43, 187, 189, 196,  55, 175, 178, 185,  66,
 167, 170, 177,  73, 160, 162, 168,  80, 151, 154, 160,  88, 144, 146, 151,  95,
 136, 138, 143, 102, 129, 130, 135, 109, 121, 122, 126, 117, 114, 115, 118, 124,
 110, 111, 114, 133, 109, 110, 113, 142, 107, 108, 111, 151, 106, 107, 110, 159,
 104, 105, 108, 168, 104, 105, 108, 177, 102, 103, 106, 186, 101, 102, 105, 195,
  99, 100, 103, 204,  98,  99, 102, 213,  96,  97, 100, 222,  95,  96,  99, 231,
  93,  94,  97, 240,  92,  93,  96, 249,  90,  91,  94, 255,  89,  90,  93, 255,
  87,  88,  91, 255,  86,  87,  90, 255,  84,  85,  88, 255,  83,  84,  87, 255,
  81,  82,  85, 255,  80,  81,  84, 234,  78,  79,  81,  24,   0,   0,   0,   0,
  78,  79,  81,   0, 137,   0,   0,   0,   0,  39, 234, 236, 237,   4, 232, 233,
 236,  18, 217, 219, 223,  30, 202, 204, 210,  43, 186, 188, 196,  56, 175, 177,
 185,  66, 166, 169, 176,  74, 159, 161, 168,  80, 151, 153, 159,  88, 144, 146,
 151,  95, 136, 138, 142, 103, 129, 130, 134, 110, 120, 122, 125, 118, 113, 114,
 118, 124, 110, 111, 114, 133, 109, 110, 113, 142, 107, 108, 111, 151, 106, 107,
 110, 160, 104, 105, 108, 169, 103, 104, 107, 178, 102, 103, 106, 187, 101, 102,
 105, 195,  99, 100, 103, 204,  98,  99, 102, 213,  96,  97, 100, 222,  95,  96,
  99, 231,  93,  94,  97, 240,  92,  93,  96, 249,  90,  91,  94, 255,  89,  90,
  93, 255,  87,  88,  91, 255,  86,  87,  90, 255,  84,  85,  88, 255,  83,  84,
  87, 255,  81,  82,  85, 254,  80,  81,  84, 255,  78,  79,  81, 230,  78,  79,
  81,  26,  74,  75,  77,   0, 135,   0,   0,   0,   0,  41,  62,  63,  64,   0,
   0,   0,   0,   0, 234, 235, 237,   4, 232, 233, 235,  18, 217, 218, 222,  31,
 201, 203, 210,  44, 185, 188, 195,  56, 175, 177, 185,  66, 166, 169, 176,  74,
 159, 161, 168,  81, 151, 153, 159,  89, 144, 145, 151,  98, 135, 137, 142, 101,
 128, 130, 134, 103, 120, 122, 125, 107, 114, 115, 118, 110, 110, 111, 114, 119,
 109, 110, 113, 128, 107, 108, 111, 142, 106, 107, 110, 157, 104, 105, 108, 173,
 103, 104, 107, 180, 101, 102, 105, 188, 101, 102, 105, 196,  99, 100, 103, 205,
  98,  99, 102, 213,  96,  97, 100, 222,  95,  96,  99, 231,  93,  94,  97, 240,
  92,  93,  96, 250,  90,  91,  94, 255,  89,  90,  93, 255,  87,  88,  91, 255,
  86,  87,  90, 255,  84,  85,  88, 255,  83,  84,  87, 255,  81,  82,  85, 255,
  80,  81,  84, 255,  78,  79,  81, 255,  77,  78,  80, 222,  73,  74,  76,   5,
 133,   0,   0,   0,   0, 130,  64,  65,  66,   0,  43,   0,   0,   0,   0,  62,
  63,  64,  43, 233, 234, 237,   5, 231, 232, 235,  18, 216, 217, 222,  31, 200,
 203, 209,  43, 185, 188, 195,  57, 174, 177, 184,  67, 166, 169, 176,  78, 159,
 161, 167,  75, 151, 153, 159,  50, 144, 146, 151,  26, 135, 137, 142,  16, 128,
 130, 134,  12, 121, 123, 127,  10, 116, 117, 120,   8, 111, 112, 115,   9, 109,
 110, 113,  11, 107, 108, 111,  17, 106, 107, 110,  25, 104, 105, 108,  48, 103,
 104, 107, 107, 101, 102, 105, 177, 101, 102, 105, 205,  99, 100, 103, 206,  98,
  99, 102, 214,  96,  97, 100, 223,  95,  96,  99, 232,  93,  94,  97, 241,  92,
  93,  96, 250,  90,  91,  94, 255,  89,  90,  93, 255,  87,  88,  91, 255,  86,
  87,  90, 255,  84,  85,  88, 255,  83,  84,  87, 255,  81,  82,  85, 255,  80,
  81,  83, 255,  78,  79,  81, 254,  77,  78,  80, 255,  75,  76,  78, 193,  74,
  75,  76,   4,  74,  75,  78,   0, 133,   0,   0,   0,   0,   9,  63,  64,  65,
 121,  62,  63,  64, 227, 234, 235, 236,   5, 231, 232, 235,  18, 216, 217, 222,
  32, 200, 203, 209,  45, 184, 187, 195,  52, 174, 177, 184,  45, 171, 173, 181,
  13, 131,   0,   0,   0,   0,   1, 144, 146, 152,   0, 134,   0,   0,   0,   0,
   1, 105, 106, 109,   0, 131,   0,   0,   0,   0,  32,  99, 100, 103,  54,  99,
 100, 103, 151,  98,  99, 102, 206,  96,  97, 100, 226,  95,  96,  99, 232,  93,
  94,  97, 241,  92,  93,  96, 250,  90,  91,  94, 255,  89,  90,  93, 255,  87,
  88,  91, 255,  86,  87,  90, 255,  84,  85,  88, 255,  83,  84,  87, 255,  81,
  82,  85, 255,  80,  81,  83, 255,  78,  79,  81, 255,  77,  78,  80, 254,  75,
  76,  78, 255,  74,  75,  77, 118,   0,   0,   0,   0,  73,  74,  75,   0,  68,
  69,  71,   0,   0,   0,   0,   0,  65,  66,  68,  23,  65,  66,  67, 188,  63,
  64,  65, 255,  62,  63,  64, 214, 233, 234, 235,   6, 230, 231, 234,  19, 216,
 217, 222,  31, 203, 205, 211,  16, 188, 191, 198,   4, 146,   0,   0,   0,   0,
  18,  98,  99, 102,  25,  96,  97, 100, 134,  95,  96,  99, 239,  93,  94,  97,
 241,  92,  93,  96, 251,  90,  91,  94, 255,  89,  90,  93, 255,  87,  88,  91,
 255,  86,  87,  90, 255,  84,  85,  88, 255,  83,  84,  86, 255,  81,  82,  84,
 255,  80,  81,  83, 255,  78,  79,  81, 255,  77,  78,  80, 255,  75,  76,  78,
 255,  74,  75,  77, 255,  72,  73,  75,  54, 130,   0,   0,   0,   0,   7,  68,
  69,  71,  86,  66,  67,  68, 236,  65,  66,  67, 255,  63,  64,  65, 255,  62,
  63,  64, 195, 235, 236, 238,   6, 229, 230, 232,  12, 130,   0,   0,   0,   0,
   1, 205, 207, 213,   0, 146,   0,   0,   0,   0,  26,  96,  97, 100,   0,   0,
   0,   0,   0,  93,  94,  97,  66,  93,  94,  97, 216,  92,  93,  96, 253,  90,
  91,  94, 255,  89,  90,  93, 255,  87,  88,  91, 255,  86,  87,  90, 255,  84,
  85,  88, 255,  83,  84,  86, 255,  81,  82,  84, 255,  80,  81,  83, 255,  78,
  79,  81, 255,  77,  78,  80, 255,  75,  76,  78, 255,  74,  75,  77, 254,  72,
  73,  75, 220,  71,  72,  74,  21,  69,  70,  72, 130,  68,  69,  71, 255,  66,
  67,  68, 254,  65,  66,  67, 255,  62,  63,  65, 255,  61,  62,  64, 175, 232,
 232, 234,   0, 130,   0,   0,   0,   0,   1, 218, 219, 223,   0, 148,   0,   0,
   0,   0,  24,  90,  91,  94,   0,   0,   0,   0,   0,  92,  93,  96,  15,  92,
  93,  96, 183,  90,  91,  94, 255,  89,  90,  93, 254,  87,  88,  91, 255,  86,
  87,  90, 255,  84,  85,  88, 255,  83,  84,  86, 255,  81,  82,  84, 255,  80,
  81,  83, 255,  78,  79,  81, 255,  77,  78,  80, 255,  75,  76,  78, 255,  74,
  75,  77, 254,  72,  73,  75, 253,  71,  72,  74, 231,  69,  70,  72, 255,  68,
  69,  70, 255,  65,  66,  68, 255,  64,  65,  67, 255,  62,  63,  65, 255,  61,
  62,  64, 156, 156,   0,   0,   0,   0,  20,  90,  91,  94, 154,  89,  90,  93,
 255,  87,  88,  91, 254,  86,  87,  90, 255,  84,  85,  88, 255,  83,  84,  86,
 255,  81,  82,  84, 255,  80,  81,  83, 255,  78,  79,  81, 255,  77,  78,  80,
 255,  75,  76,  78, 255,  74,  75,  77, 255,  72,  73,  75, 255,  71,  72,  74,
 255,  68,  69,  71, 255,  67,  68,  70, 255,  65,  66,  68, 255,  64,  65,  67,
 255,  62,  63,  65, 255,  61,  62,  64, 137, 154,   0,   0,   0,   0, 130,  91,
  92,  95,   0,  20,   0,   0,   0,   0,  88,  89,  92, 149,  87,  88,  91, 255,
  86,  87,  90, 254,  84,  85,  87, 255,  83,  84,  86, 255,  81,  82,  84, 255,
  80,  81,  83, 255,  78,  79,  81, 255,  77,  78,  80, 255,  75,  76,  78, 255,
  74,  75,  77, 255,  72,  73,  75, 255,  70,  71,  73, 255,  68,  69,  71, 255,
  67,  68,  70, 255,  65,  66,  68, 255,  64,  65,  67, 255,  62,  63,  65, 255,
  61,  62,  64, 117, 156,   0,   0,   0,   0,  20,  88,  89,  92,   0,   0,   0,
   0,   0,  87,  88,  91, 180,  86,  87,  89, 255,  84,  85,  87, 254,  83,  84,
  86, 255,  81,  82,  84, 255,  80,  81,  83, 255,  78,  79,  81, 255,  77,  78,
  80, 255,  75,  76,  78, 255,  74,  75,  77, 255,  72,  73,  75, 255,  70,  71,
  73, 255,  68,  69,  71, 255,  67,  68,  70, 255,  65,  66,  68, 255,  64,  65,
  67, 255,  62,  63,  65, 255,  61,  62,  64,  97, 156,   0,   0,   0,   0,  20,
  87,  88,  91,   0,   0,   0,   0,   0,  86,  87,  89,  12,  86,  87,  89, 223,
  84,  85,  87, 254,  83,  84,  86, 255,  81,  82,  84, 255,  80,  81,  83, 255,
  78,  79,  81, 255,  77,  78,  80, 255,  75,  76,  78, 255,  73,  74,  77, 255,
  71,  72,  75, 255,  70,  71,  73, 255,  68,  69,  71, 255,  67,  68,  70, 255,
  65,  66,  68, 255,  64,  65,  67, 255,  62,  63,  65, 255,  61,  62,  64,  78,
 159,   0,   0,   0,   0,  17,  84,  85,  89,  58,  84,  85,  87, 255,  83,  84,
  86, 255,  81,  82,  84, 255,  80,  81,  83, 255,  78,  79,  81, 255,  76,  77,
  80, 255,  74,  75,  78, 255,  73,  74,  77, 255,  71,  72,  75, 255,  70,  71,
  73, 255,  68,  69,  71, 255,  67,  68,  70, 255,  65,  66,  68, 255,  64,  65,
  67, 255,  62,  63,  65, 255,  61,  62,  64,  59, 160,   0,   0,   0,   0,  16,
  84,  85,  87, 177,  83,  84,  86, 255,  81,  82,  84, 255,  79,  80,  83, 255,
  77,  78,  81, 255,  76,  77,  80, 255,  74,  75,  78, 255,  73,  74,  77, 255,
  71,  72,  74, 255,  70,  71,  73, 255,  68,  69,  71, 255,  67,  68,  70, 255,
  65,  66,  68, 255,  64,  65,  67, 255,  62,  63,  65, 255,  61,  62,  64,  47,
 156,   0,   0,   0,   0,  20,  87,  88,  92,   0,   0,   0,   0,   0,  86,  87,
  90,  19,  86,  87,  89, 177,  84,  85,  87, 255,  82,  83,  86, 254,  80,  81,
  84, 255,  79,  80,  83, 255,  77,  78,  81, 255,  76,  77,  80, 255,  74,  75,
  78, 255,  73,  74,  76, 255,  71,  72,  74, 255,  70,  71,  73, 255,  68,  69,
  71, 255,  67,  68,  70, 255,  65,  66,  68, 255,  64,  65,  67, 255,  62,  63,
  65, 251,  61,  62,  64,  42, 155,   0,   0,   0,   0,  21,  90,  91,  93,   0,
   0,   0,   0,   0,  87,  88,  92,  74,  87,  88,  90, 233,  85,  86,  89, 255,
  83,  84,  87, 254,  82,  83,  86, 255,  80,  81,  84, 255,  79,  80,  83, 255,
  77,  78,  81, 255,  76,  77,  80, 255,  74,  75,  78, 255,  73,  74,  76, 255,
  71,  72,  74, 255,  70,  71,  73, 255,  68,  69,  71, 255,  67,  68,  70, 255,
  65,  66,  68, 255,  64,  65,  67, 255,  62,  63,  65, 246,  61,  62,  64,  37,
 153,   0,   0,   0,   0,  23,  91,  92,  95,   0,   0,   0,   0,   0,  91,  92,
  95,   8,  90,  91,  93, 119,  89,  90,  92, 255,  87,  88,  90, 254,  85,  86,
  89, 254,  83,  84,  87, 255,  82,  83,  86, 255,  80,  81,  84, 255,  79,  80,
  83, 255,  77,  78,  81, 255,  76,  77,  80, 255,  74,  75,  78, 255,  73,  74,
  76, 255,  71,  72,  74, 255,  70,  71,  73, 255,  68,  69,  71, 255,  67,  68,
  70, 255,  65,  66,  68, 255,  64,  65,  67, 255,  62,  63,  65, 240,  61,  62,
  64,  31, 152,   0,   0,   0,   0,  24,  92,  93,  96,   0,   0,   0,   0,   0,
  91,  92,  95,  29,  91,  92,  95, 208,  90,  91,  93, 255,  88,  89,  92, 255,
  86,  87,  90, 255,  85,  86,  89, 255,  83,  84,  87, 255,  82,  83,  86, 255,
  80,  81,  84, 255,  79,  80,  83, 255,  77,  78,  81, 255,  76,  77,  79, 255,
  74,  75,  77, 255,  73,  74,  76, 255,  71,  72,  74, 255,  70,  71,  73, 255,
  68,  69,  71, 255,  67,  68,  70, 255,  65,  66,  68, 255,  64,  65,  67, 255,
  62,  63,  65, 235,  61,  62,  64,  25, 154,   0,   0,   0,   0,  22,  92,  93,
  96, 159,  91,  92,  95, 231,  89,  90,  93, 255,  88,  89,  92, 255,  86,  87,
  90, 254,  85,  86,  89, 255,  83,  84,  87, 255,  82,  83,  86, 255,  80,  81,
  84, 255,  79,  80,  83, 255,  77,  78,  81, 255,  76,  77,  79, 255,  74,  75,
  77, 255,  73,  74,  76, 255,  71,  72,  74, 255,  70,  71,  73, 255,  68,  69,
  71, 255,  67,  68,  70, 255,  65,  66,  68, 255,  64,  65,  67, 255,  62,  63,
  65, 229,  61,  62,  64,  20, 152,   0,   0,   0,   0,  24,  92,  93,  96,   0,
  93,  94,  97,   0,   0,   0,   0,   0,  91,  92,  95,  19,  89,  90,  93,  70,
  88,  89,  92, 203,  86,  87,  90, 255,  85,  86,  89, 255,  83,  84,  87, 254,
  82,  83,  86, 255,  80,  81,  84, 255,  79,  80,  83, 255,  77,  78,  81, 255,
  76,  77,  79, 255,  74,  75,  77, 255,  73,  74,  76, 255,  71,  72,  74, 255,
  70,  71,  73, 255,  68,  69,  71, 255,  67,  68,  70, 255,  65,  66,  68, 255,
  64,  65,  67, 255,  62,  63,  65, 224,  61,  62,  64,  14, 155,   0,   0,   0,
   0,   1,  89,  90,  93,   0, 130,   0,   0,   0,   0,  18,  86,  87,  90,  40,
  85,  86,  89, 176,  83,  84,  87, 233,  82,  83,  86, 255,  80,  81,  84, 255,
  79,  80,  83, 254,  77,  78,  80, 255,  76,  77,  79, 255,  74,  75,  77, 255,
  73,  74,  76, 255,  71,  72,  74, 255,  70,  71,  73, 255,  68,  69,  71, 255,
  67,  68,  70, 255,  65,  66,  68, 255,  64,  65,  67, 255,  62,  63,  65, 218,
  61,  62,  64,   9, 157,   0,   0,   0,   0,   1,  87,  88,  91,   0, 130,   0,
   0,   0,   0,  16,  83,  84,  87,  21,  82,  83,  85,  81,  80,  81,  84, 209,
  79,  80,  83, 255,  77,  78,  80, 255,  76,  77,  79, 254,  74,  75,  77, 255,
  73,  74,  76, 255,  71,  72,  74, 255,  70,  71,  73, 255,  68,  69,  71, 255,
  67,  68,  70, 255,  65,  66,  68, 255,  64,  65,  66, 255,  62,  63,  65, 212,
  63,  64,  64,   3, 160,   0,   0,   0,   0,   1,  82,  83,  85,   0, 130,   0,
   0,   0,   0,  12,  79,  80,  81,  54,  77,  78,  80, 182,  76,  77,  79, 235,
  74,  75,  77, 255,  73,  74,  76, 255,  71,  72,  74, 254,  70,  71,  73, 255,
  68,  69,  71, 255,  67,  68,  70, 255,  65,  66,  68, 255,  64,  65,  66, 254,
  62,  63,  64, 207, 166,   0,   0,   0,   0,  10,  76,  77,  79,  24,  74,  75,
  77,  85,  73,  74,  76, 224,  71,  72,  74, 255,  70,  71,  73, 255,  68,  69,
  71, 254,  67,  68,  70, 255,  65,  66,  68, 255,  64,  65,  66, 255,  62,  63,
  64, 197, 166,   0,   0,   0,   0,   1,  74,  75,  77,   0, 130,   0,   0,   0,
   0,   7,  70,  71,  73,  63,  70,  71,  73, 190,  68,  69,  71, 237,  67,  68,
  70, 255,  65,  66,  67, 255,  64,  65,  66, 255,  62,  63,  64, 176, 168,   0,
   0,   0,   0,   1,  71,  72,  74,   0, 130,   0,   0,   0,   0,   5,  67,  68,
  70,  27,  66,  67,  69,  99,  65,  66,  67, 227,  64,  65,  66, 255,  62,  63,
  64, 156, 171,   0,   0,   0,   0,   1,  65,  66,  68,   0, 130,   0,   0,   0,
   0,   2,  64,  65,  66,  78,  62,  63,  64,  98, 132,   0,   0,   0,   0,   1,
  28,  28,  28,   0, 171,   0,   0,   0,   0,  13,  63,  64,  65,   0,   0,   0,
   0,   0,  16,  16,  16,   0,   0,   0,   0,   0,  22,  22,  20,  16,  28,  29,
  28, 109,  44,  45,  44, 224,  58,  59,  57, 255,  71,  72,  70, 245,  77,  79,
  76, 156,  88,  90,  87,  40,   0,   0,   0,   0, 113, 117, 112,   0, 165,   0,
   0,   0,   0,  10,  24,  24,  22,   0,   0,   0,   0,  23,   8,   8,   8, 220,
  20,  20,  20, 255,  32,  33,  32, 255,  45,  46,  44, 255,  58,  59,  57, 255,
  71,  72,  69, 255,  83,  84,  82, 247,  92,  94,  91, 109, 167,   0,   0,   0,
   0,  10,  18,  18,  17, 207,   3,   3,   3, 255,   7,   7,   7, 255,  19,  19,
  19, 255,  32,  33,  31, 255,  45,  45,  44, 255,  58,  59,  57, 255,  70,  71,
  69, 254,  83,  84,  82, 247,  88,  90,  87,  40, 165,   0,   0,   0,   0,  11,
  37,  38,  37,  85,  28,  28,  28, 255,  15,  15,  15, 254,   4,   4,   4, 255,
   7,   7,   7, 255,  20,  20,  20, 255,  32,  33,  31, 255,  45,  46,  44, 255,
  58,  59,  57, 255,  71,  72,  69, 255,  77,  79,  76, 156, 165,   0,   0,   0,
   0,  11,  52,  53,  51, 176,  41,  41,  40, 255,  28,  28,  27, 255,  15,  15,
  15, 255,   3,   3,   3, 255,   7,   7,   7, 255,  19,  19,  19, 255,  32,  33,
  31, 255,  45,  45,  44, 255,  58,  59,  57, 255,  71,  72,  70, 245, 165,   0,
   0,   0,   0,  11,  65,  66,  63, 194,  53,  54,  53, 255,  41,  41,  40, 255,
  28,  28,  28, 255,  15,  15,  15, 255,   4,   4,   4, 255,   7,   7,   7, 255,
  20,  20,  20, 255,  32,  33,  31, 255,  45,  46,  44, 255,  58,  59,  57, 255,
 165,   0,   0,   0,   0,  11,  76,  78,  76, 154,  67,  68,  65, 255,  54,  54,
  53, 254,  41,  41,  40, 255,  28,  28,  27, 255,  15,  15,  15, 255,   3,   3,
   3, 255,   7,   7,   7, 255,  19,  19,  19, 255,  32,  33,  32, 255,  44,  45,
  44, 224, 165,   0,   0,   0,   0,  11,  78,  79,  77,  38,  80,  81,  78, 255,
  66,  67,  65, 254,  53,  54,  53, 255,  41,  41,  40, 255,  28,  28,  28, 255,
  15,  15,  15, 255,   4,   4,   4, 255,   7,   7,   7, 255,  20,  20,  20, 255,
  28,  29,  28, 109, 164,   0,   0,   0,   0,  13,  80,  81,  79,   0,   0,   0,
   0,   0,  90,  92,  89, 146,  79,  80,  78, 255,  66,  67,  65, 254,  54,  54,
  53, 254,  41,  41,  40, 255,  28,  28,  27, 255,  15,  15,  15, 254,   3,   3,
   3, 255,   8,   8,   8, 220,  22,  22,  20,  16,  28,  28,  28,   0, 164,   0,
   0,   0,   0,  10,  98, 100,  97,   0,  88,  90,  88,   3,  90,  92,  89, 146,
  80,  81,  78, 255,  67,  68,  65, 255,  53,  54,  53, 255,  41,  41,  40, 255,
  28,  28,  28, 255,  18,  18,  17, 207,   0,   0,   0,  23, 167,   0,   0,   0,
   0,  10,  98, 100,  97,   0,   0,   0,   0,   0,  78,  79,  77,  38,  76,  78,
  76, 154,  65,  66,  63, 194,  52,  53,  51, 176,  37,  38,  37,  85,   0,   0,
   0,   0,  24,  24,  22,   0,  16,  16,  16,   0, 167,   0,   0,   0,   0,   1,
  80,  81,  79,   0, 172,   0,   0,   0,   0,   0
};
